172
9.47975664 11.75101436
10.52024349 11.75101434
9.46622013 8.25285638
11.54636156 10.92104002
11.76992311 10.44720724
11.51920549 10.60634975
10.83314418 11.62349944
10.00000004 11.80974268
10.26551958 11.62223288
9.73448039 11.62223286
10.27155839 11.27362561
11.22686806 10.40065444
10.93910464 10.49026031
10.65875727 10.24806672
10.76209430 9.94195186
11.05976160 9.29061460
11.27250601 8.99553173
11.58114800 9.09015594
10.92419922 10.80145738
10.60655364 10.86905135
10.57735096 11.15388224
10.88421284 11.37497461
11.23911872 11.02654178
11.22833502 11.31522811
8.41885201 9.09015592
8.72749418 8.99553144
9.99999998 10.14204656
10.33805928 10.32810073
10.30076108 10.63788828
9.37963452 9.69332606
8.94023876 9.29061415
9.20107535 9.34416693
11.23568411 8.70997473
11.24368506 9.56592851
11.30900343 10.08461570
11.12457704 9.86810671
11.81551409 9.93038525
11.64960725 10.11379546
11.77165038 9.59279933
11.54996358 9.43145439
9.16685595 11.62349950
8.45363846 10.92104009
9.42371283 9.13823076
9.41426500 8.85970168
10.00000001 9.87308327
9.69079396 9.67832893
9.73250880 9.35233197
10.00000016 9.22108938
8.76431592 8.70997469
9.15261562 8.38248584
9.09980284 8.65183481
8.75631535 9.56592786
8.22834968 9.59279950
8.45003665 9.43145400
8.18448608 9.93038559
9.99999992 10.76162168
9.99999991 11.11252812
9.72844145 11.27362556
8.77166506 11.31522816
8.76088118 11.02654161
9.11578712 11.37497454
9.42264887 11.15388210
9.66194062 10.32810063
9.69923877 10.63788820
9.07580055 10.80145707
9.39344618 10.86905118
8.23007689 10.44720739
8.48079436 10.60634942
8.35039285 10.11379516
10.62036569 9.69332634
10.30920615 9.67832911
10.26749146 9.35233217
10.79892497 9.34416728
10.57628752 9.13823108
9.72306103 8.71025056
10.00000022 8.85753705
9.72220338 8.37275422
10.00000005 8.18254431
8.87542321 9.86810622
8.69099659 10.08461500
9.23790579 9.94195164
9.34124265 10.24806655
9.06089517 10.49026001
8.77313170 10.40065389
10.27693936 8.71025067
10.58573536 8.85970191
10.53377989 8.25285640
10.27779684 8.37275427
10.90019734 8.65183495
10.84738438 8.38248584
15.52197923 13.25820084
14.10812746 15.51571360
15.00000000 14.32425999
15.49781585 16.71060336
16.56224154 14.09984987
16.48653487 14.42129727
15.58212611 13.90674018
16.24599968 14.00386889
16.76900697 15.42071409
16.51232602 15.56834866
16.54953891 15.89551708
13.43775846 14.09984987
13.45046108 15.89551707
15.28051181 13.78611262
15.00000000 13.96997561
15.26496438 13.40629933
13.76687558 13.71474137
13.75400032 14.00386889
14.05388971 14.28182361
14.36973747 14.24117052
14.67135176 14.47482735
16.09557002 14.54116374
15.32864824 14.47482735
15.32488377 14.81308984
15.94611029 14.28182361
15.63026253 14.24117052
14.65734329 15.92623593
14.41477246 15.33891323
14.70924318 15.54833508
15.00000000 15.37607853
15.00000000 15.00078497
14.67511623 14.81308984
14.38064551 14.97896155
16.73029514 14.57751428
16.81488066 15.07975567
16.60463627 14.90638743
16.23312442 13.71474137
15.84049916 13.38953970
15.88509861 13.65826575
14.50218415 16.71060336
13.75230743 16.32288184
13.75215534 16.02634677
14.02489370 16.53280580
14.27948672 16.43737121
14.08880117 15.85012337
14.34354628 16.05122384
15.00000000 16.80291518
14.75900806 16.57718815
15.24099194 16.57718815
15.14989236 16.17896807
14.85010764 16.17896807
16.19130548 15.36476859
15.61935449 14.97896155
16.23774203 15.04376577
15.97243605 14.83475909
13.90442998 14.54116374
14.02756395 14.83475909
13.51346513 14.42129727
13.26970486 14.57751428
15.00000000 13.21034902
14.71948818 13.78611262
14.41787389 13.90674018
14.47802077 13.25820084
14.73503562 13.40629933
14.15950084 13.38953970
14.11490139 13.65826575
15.89187254 15.51571360
15.34265671 15.92623592
15.29075682 15.54833508
15.58522754 15.33891323
13.18511934 15.07975567
13.39536373 14.90638743
13.23099303 15.42071409
13.48767398 15.56834866
13.80869452 15.36476859
13.76225797 15.04376577
15.65645372 16.05122384
15.91119883 15.85012337
15.97510630 16.53280580
15.72051328 16.43737121
16.24769257 16.32288184
16.24784466 16.02634677
1.00000000 1.00000000
1.00000000 1.00000000
1.00000000 1.00000000
1.00000000 1.00000000
1.00000000 1.00000000
1.00000000 1.00000000
1.00000000 1.00000000
1.00000000 1.00000000
1.00000000 1.00000000
1.00000000 1.00000000
1.00000000 1.00000000
1.00000000 1.00000000
1.00000000 1.00000000
1.00000000 1.00000000
1.00000000 1.00000000
1.00000000 1.00000000
1.00000000 1.00000000
1.00000000 1.00000000
1.00000000 1.00000000
1.00000000 1.00000000
1.00000000 1.00000000
1.00000000 1.00000000
1.00000000 1.00000000
1.00000000 1.00000000
1.00000000 1.00000000
1.00000000 1.00000000
1.00000000 1.00000000
1.00000000 1.00000000
1.00000000 1.00000000
1.00000000 1.00000000
1.00000000 1.00000000
1.00000000 1.00000000
1.00000000 1.00000000
1.00000000 1.00000000
1.00000000 1.00000000
1.00000000 1.00000000
1.00000000 1.00000000
1.00000000 1.00000000
1.00000000 1.00000000
1.00000000 1.00000000
1.00000000 1.00000000
1.00000000 1.00000000
1.00000000 1.00000000
1.00000000 1.00000000
1.00000000 1.00000000
1.00000000 1.00000000
1.00000000 1.00000000
1.00000000 1.00000000
1.00000000 1.00000000
1.00000000 1.00000000
1.00000000 1.00000000
1.00000000 1.00000000
1.00000000 1.00000000
1.00000000 1.00000000
1.00000000 1.00000000
1.00000000 1.00000000
1.00000000 1.00000000
1.00000000 1.00000000
1.00000000 1.00000000
1.00000000 1.00000000
1.00000000 1.00000000
1.00000000 1.00000000
1.00000000 1.00000000
1.00000000 1.00000000
1.00000000 1.00000000
1.00000000 1.00000000
1.00000000 1.00000000
1.00000000 1.00000000
1.00000000 1.00000000
1.00000000 1.00000000
1.00000000 1.00000000
1.00000000 1.00000000
1.00000000 1.00000000
1.00000000 1.00000000
1.00000000 1.00000000
1.00000000 1.00000000
1.00000000 1.00000000
1.00000000 1.00000000
1.00000000 1.00000000
1.00000000 1.00000000
1.00000000 1.00000000
1.00000000 1.00000000
1.00000000 1.00000000
1.00000000 1.00000000
1.00000000 1.00000000
1.00000000 1.00000000
1.00000000 1.00000000
1.00000000 1.00000000
1.00000000 1.00000000
1.00000000 1.00000000
-1.00000000 -1.00000000
-1.00000000 -1.00000000
-1.00000000 -1.00000000
-1.00000000 -1.00000000
-1.00000000 -1.00000000
-1.00000000 -1.00000000
-1.00000000 -1.00000000
-1.00000000 -1.00000000
-1.00000000 -1.00000000
-1.00000000 -1.00000000
-1.00000000 -1.00000000
-1.00000000 -1.00000000
-1.00000000 -1.00000000
-1.00000000 -1.00000000
-1.00000000 -1.00000000
-1.00000000 -1.00000000
-1.00000000 -1.00000000
-1.00000000 -1.00000000
-1.00000000 -1.00000000
-1.00000000 -1.00000000
-1.00000000 -1.00000000
-1.00000000 -1.00000000
-1.00000000 -1.00000000
-1.00000000 -1.00000000
-1.00000000 -1.00000000
-1.00000000 -1.00000000
-1.00000000 -1.00000000
-1.00000000 -1.00000000
-1.00000000 -1.00000000
-1.00000000 -1.00000000
-1.00000000 -1.00000000
-1.00000000 -1.00000000
-1.00000000 -1.00000000
-1.00000000 -1.00000000
-1.00000000 -1.00000000
-1.00000000 -1.00000000
-1.00000000 -1.00000000
-1.00000000 -1.00000000
-1.00000000 -1.00000000
-1.00000000 -1.00000000
-1.00000000 -1.00000000
-1.00000000 -1.00000000
-1.00000000 -1.00000000
-1.00000000 -1.00000000
-1.00000000 -1.00000000
-1.00000000 -1.00000000
-1.00000000 -1.00000000
-1.00000000 -1.00000000
-1.00000000 -1.00000000
-1.00000000 -1.00000000
-1.00000000 -1.00000000
-1.00000000 -1.00000000
-1.00000000 -1.00000000
-1.00000000 -1.00000000
-1.00000000 -1.00000000
-1.00000000 -1.00000000
-1.00000000 -1.00000000
-1.00000000 -1.00000000
-1.00000000 -1.00000000
-1.00000000 -1.00000000
-1.00000000 -1.00000000
-1.00000000 -1.00000000
-1.00000000 -1.00000000
-1.00000000 -1.00000000
-1.00000000 -1.00000000
-1.00000000 -1.00000000
-1.00000000 -1.00000000
-1.00000000 -1.00000000
-1.00000000 -1.00000000
-1.00000000 -1.00000000
-1.00000000 -1.00000000
-1.00000000 -1.00000000
-1.00000000 -1.00000000
-1.00000000 -1.00000000
-1.00000000 -1.00000000
-1.00000000 -1.00000000
-1.00000000 -1.00000000
-1.00000000 -1.00000000
-1.00000000 -1.00000000
-1.00000000 -1.00000000
-1.00000000 -1.00000000
-1.00000000 -1.00000000
0.12311756
0.12311757
0.12255494
0.14514564
0.12872155
0.13942377
0.12149296
0.13575890
0.14497026
0.14497026
0.13485811
0.13098700
0.14912267
0.14065399
0.14676054
0.13399104
0.13652426
0.13100308
0.13858759
0.14709613
0.13299166
0.13965436
0.14168424
0.14238794
0.13100313
0.13652412
0.15695462
0.15579107
0.14267544
0.13223071
0.13399104
0.13548605
0.15082432
0.13153428
0.13347102
0.14012224
0.12911015
0.12716422
0.12986855
0.14093797
0.12149297
0.14514560
0.13951936
0.13558313
0.15830562
0.14375648
0.12999501
0.15212076
0.15082434
0.12180263
0.15266510
0.13153424
0.12986872
0.14093795
0.12911029
0.14711624
0.14639857
0.13485810
0.14238794
0.14168433
0.13965442
0.13299169
0.15579107
0.14267545
0.13858764
0.14709613
0.12872144
0.13942392
0.12716412
0.13223072
0.14375646
0.12999503
0.13548608
0.13951938
0.13626594
0.13752073
0.14998725
0.13263461
0.14012221
0.13347103
0.14676056
0.14065400
0.14912266
0.13098707
0.13626595
0.13558315
0.12255493
0.14998723
0.15266513
0.12180263
0.13153554
0.17014113
0.15420150
0.15637328
0.14653711
0.13973876
0.14273972
0.13975398
0.13130199
0.15650444
0.15011441
0.14653711
0.15011441
0.14860729
0.17025655
0.15677032
0.15680254
0.13975398
0.14828345
0.17217350
0.16375944
0.14820983
0.16375944
0.18130854
0.14828345
0.17217350
0.17198833
0.15401288
0.16356027
0.18115576
0.14982774
0.18130854
0.16362272
0.15669728
0.12980412
0.15610740
0.15680254
0.12992420
0.15630678
0.15637328
0.13130845
0.15641982
0.12969635
0.15599290
0.14829971
0.14251238
0.14646559
0.13979849
0.13979849
0.14811075
0.14811075
0.14832799
0.16362272
0.14258269
0.17207512
0.14820983
0.17207512
0.13973876
0.15669728
0.15044858
0.14860729
0.14273972
0.13153554
0.15677032
0.12992420
0.15630678
0.17014113
0.17198833
0.16356027
0.15401288
0.12980412
0.15610740
0.13130199
0.15650444
0.14832799
0.14258269
0.14251238
0.14829971
0.12969635
0.15599290
0.13130845
0.15641982
