vertexList = [
    [0, 0, 0],      #0
    [0, 1, 0],      #1
    [1, 0, 0],      #2
    [1, 1, 0],      #3
    [0, 0, 2],      #4
    [0, 1, 2],      #5
    [1, 0, 2],      #6
    [1, 1, 2],      #7
    [0, -1, 4],     #8
    [0, 0, 4],      #9
    [1, -1, 4],     #10
    [1, 0, 4],      #11
    [0.5, 0.5, -1], #12
    [0.5, 0.1, 1],  #13
    [0.5, -0.7, 3]  #14
]


edgeList = [
    [12, 0],
    [12, 1],
    [12, 2],
    [12, 3],
    [0, 13],
    [1, 13],
    [2, 13],
    [3, 13],
    [13, 4],
    [13, 5],
    [13, 6],
    [13, 7],
    [4, 14],
    [5, 14],
    [6, 14],
    [7, 14],
    [14, 8],
    [14, 9],
    [14, 10],
    [14, 11]
]